,,,,,,,,,,,,,,,,,,,,,,,
,,,,,,,,,,,,,,,,,,,,,,,
,,,,,,,,,,,,,,,,,,,,,,,
,,,,,,,,,,,,,,,,,,,,,,,
,,,,,,,,,,,,ENRON ENERGY SERVICES,,,,,,,,,,,
,,,,,,,,,,,,NATURAL GAS BASIS POSITIONS,,,,,,,,,,,
,,,,,,,,,,,,,,,,,,,,,,,
,,,,,,,,,,,,,,,,,,,,,,,
,2000-08-02 00:00:00,,,,,,,,,,,,,,,,,,,,,,
,,,,,,,,,,,,,,,,,,,,,,,
,West Region Basis Notional,,,,,,,,,,,,,,,,,,,,,,
,,,,,,,,,,,,Prompt Month,,Rest of Summer 2000,,Winter 2000-2001,,Summer 2001,,Remainder,,Total,
,,,,,,,,,,,,2000-09-01 00:00:00,,Oct-00/Nov-00,,Dec-00/Apr-01,,May-01/Nov-01,,Dec-01/Nov-17,,,
,West Region Basis Notional,,,,,,,,,,,,,,,,,,,,,,
,NGI-PGE/CG,,,,,,,,,A,,1.3143753257754724,,-4.615501285624911,,-8.940885317467817,,-4.444541153262539,,7.750498478483893,,-8.936053952095902,
,NGI-MALIN,,,,,,,,,A,,0.9175166985764343,,-0.13825482836135772,,-4.411968947365935,,-4.25240736109159,,-9.104775919744474,,-16.989890357986923,
,NGI-SOCAL,,,,,,,,,A,,-15.01760291761515,,-20.349404508705433,,-22.559751414191208,,-4.445206675804583,,-0.9883902931597474,,-63.360355809476125,
,NW/CIG,,,,,,,,,A,,-1.166640270728757,,-0.23845436584877916,,-0.5583760371413663,,-0.1455362405616989,,-1.2748192000289666,,-3.383826114309568,
,PERMIAN,IF-NNG/TOK,,,,,,,,A,,-0.8953872388731468,,0.8671827722543137,,-5.159727528565277,,0.0769135751364034,,-14.571239987269738,,-19.682258407317445,
,SAN JUAN,,,,,,,,,A,,9.365259831224318,,4.347971400690544,,-5.913495304382881,,-2.5218386618377777,,4.944168131580176,,10.222065397274378,
,Other,NGI-NOCAL,,,,,,,,A,,-0.08370418497209914,,-1.886697910128012,,-5.546357922399666,,-2.2309325873533545,,-27.39229251553091,,-37.13998512038404,
,Total,,,,,,,,,,,-5.566182756612928,,-22.013158725723635,,-53.09056247151415,,-17.96354910477514,,-40.636851305669765,,-139.2703043642956,
,Western Canada Region Notional,,,,,,,,,,,,,,,,,,,,,,
,SUMAS,,,,,,,,,A,,-0.28213718346516653,,-0.9771014048570597,,-3.051899440510062,,-2.0499103402199284,,-29.99369580320798,,-36.3547441722602,
,AECO/EMPRESS/STA2,,,,,,,,,A,,0,,0,,0,,0,,0,,0,
,Total,,,,,,,,,,,-0.28213718346516653,,-0.9771014048570597,,-3.051899440510062,,-2.0499103402199284,,-29.99369580320798,,-36.3547441722602,
,Ontario Region Notional,,,,,,,,,,,,,,,,,,,,,,
,PARKWAY,,,,,,,,,A,,0,,0,,0,,0,,0,,0,
,DAWN,,,,,,,,,A,,0,,0,,0,,0,,0,,0,
,NIAGARA,,,,,,,,,A,,-15.403537737128733,,-16.749943249453473,,-10.173485931133042,,-19.561576250672623,,-37.38061574948333,,-99.26915891787121,
,Other,,,,,,,,,A,,0,,0,,0,,0,,0,,0,
,Total,,,,,,,,,,,-15.403537737128733,,-16.749943249453473,,-10.173485931133042,,-19.561576250672623,,-37.38061574948333,,-99.26915891787121,
,Central Region Notional,,,,,,,,,,,,,,,,,,,,,,
,NGI/CHI. GATE,,,,,,,,,A,,4.954367038248389,,-9.528882597540967,,29.13935916754613,,-64.0717553392278,,-149.91691938478783,,-189.42383111576208,
,MICH-CG,NGI-MICH_CG,,,,,,,,A,,-0.9182440255306441,,-0.2114033204946406,,0.6825224618616073,,1.6295608771838934,,45.696085903963336,,46.87852189698355,
,ML7/CG,,,,,,,,,A,,-0.1453744350893394,,-1.2165877052181973,,-4.7327160319323935,,-4.3294204844565,,-17.176135606052156,,-27.600234262748586,
,VENTURA/DEMARCATION,,,,,,,,,A,,-0.3167232094046879,,-3.291718631883958,,-15.045369869879734,,-10.44972669099246,,-75.78821647113158,,-104.89175487329241,
,MID-CONTINENT,IF-ANR SE/SW,IF-NGPL/MIDCON,GD-MRT/MAINLINE,IF-NORAM/EAST,IF-ONG/OKLAHOMA,IF-PAN/TX/OK,IF-WNG/TOK,IF-ANR/OK,A,,5.119103859243815,,23.901261101809617,,31.593029391087185,,11.849649209485968,,66.84924304903993,,139.31228661066652,
,Other,,,,,,,,,A,,0.07919083708471407,,0.24150998496399478,,0.7579232006676531,,0.2845284366302396,,0.895970563129231,,2.2591230224758325,
,Total,,,,,,,,,,,8.772320064552247,,9.894178831635848,,42.39474831935044,,-65.08716399137668,,-129.4399719458391,,-133.4658887216772,
,East & Texas Region Notional,,,,,,,,,,,,,,,,,,,,,,
,IF-TRANSCO,IF-TRANSCO/Z6,,,,,,,,A,,-7.277001595966314,,-9.935979529138699,,-7.7770286694094715,,17.572589496569826,,176.64142013670863,,169.22399983876397,
,IF-TETCO,IF-TETCO/STX,,,,,,,,A,,4.643137129440229,,2.417253630675382,,0.675007499970512,,-12.768425310896944,,-60.90168638286924,,-65.93471343368006,
,IF-CGT/CITYGATE,,,,,,,,,A,,-0.3449383050473145,,-13.880126420522418,,-30.902325232275082,,-7.422743586947101,,-222.6794236243879,,-275.2295571691798,
,IF-CNG/CITYGATE,IF-CNG/N_CITYGA,,,,,,,,A,,5.585623323194618,,-13.26232317642751,,-16.045472843992908,,-17.283638292987714,,35.89607667307594,,-5.10973431713758,
,IF-TENN,IF-TENN/Z5,IF-TENN/Z6,,,,,,,A,,2.654559572830475,,5.601883140131555,,11.104540200445726,,-0.3326936053859235,,-105.6424661803161,,-86.61417687229428,
,Other,IF-FGT/Z3,IF-HEHUB,IF-SONAT/LA,IF-TGT/ZSL,NGW-ALGO/CITY,NGW-IROQ/Z2,,,A,,4.186804863303497,,4.32563471247558,,-20.15867953420669,,-26.577063482525865,,-602.9273328623236,,-641.1506363032771,
,Total,,,,,,,,,,,9.44818498775519,,-24.7336576428061,,-63.1039585794679,,-46.8119747821737,,-779.613412240112,,-904.814818256805,
,TOTAL BASIS,,,,,,,,,,,-3.03135262489939,,-54.5796821912044,,-87.0251581032747,,-151.474174469218,,-1017.06454704431,,-1313.17491443291, 
,,,,,,,,,,,,,,,,,,,,,,,
,CONTACT,,,,,,,,,,EXT,,,,,,,,,,,,
,,,,,,,,,,,,,,,,,,,,,,,
,MONICA HWANG,,,,,,,,,,3-5070,,,,,,,,,,,,
,CHRIS ELLIOT,,,,,,,,,,3-7330,,,,,,,,,,,,
],TOM DONOVAN,,,,,,,,,,3-7847,,,,,,,,,,,,
,CATHY PITTENGER,,,,,,,,,,3-9292,,,,,,,,,,,,
